  -3.3057157868219749     
  -3.2785564062700177     
  -3.2785564062700128     
  -3.2785564062700114     
  -3.2785564062700061     
  -3.2511926228933041     
  -3.2511926228933037     
  -3.2511926228933006     
  -3.2511926228932984     
  -3.2070348834669256     
  -3.2070348834669238     
  -3.2070348834669229     
  -3.2070348834669193     
  -3.1796271374531910     
  -3.1796271374531884     
  -3.1796271374531875     
  -3.1796271374531870     
  -3.1796271374531857     
  -3.1796271374531848     
  -3.1796271374531830     
  -3.1796271374531768     
  -3.1211718956775694     
  -3.1211718956775689     
  -3.1211718956775627     
  -3.1211718956775534     
  -3.1101818419480169     
  -3.1101818419480161     
  -3.1101818419480143     
  -3.1101818419480129     
  -3.0960600685837418     
  -3.0960600685837414     
  -3.0960600685837374     
  -3.0960600685837369     
  -3.0960600685837365     
  -3.0960600685837361     
  -3.0960600685837361     
  -3.0960600685837352     
  -3.0635996359858320     
  -3.0635996359858320     
  -3.0635996359858306     
  -3.0635996359858297     
  -3.0567209201634533     
  -3.0525413803282335     
  -3.0525413803282313     
  -3.0525413803282309     
  -3.0525413803282304     
  -3.0461136094328953     
  -3.0461136094328940     
  -3.0461136094328922     
  -3.0461136094328913     
  -3.0461136094328896     
  -3.0461136094328869     
  -3.0461136094328860     
  -3.0461136094328829     
  -3.0445561872462283     
  -3.0445561872462226     
  -3.0445561872462203     
  -3.0445561872462203     
  -3.0391772489471052     
  -3.0391772489471043     
  -3.0391772489471029     
  -3.0391772489471025     
  -3.0391772489471007     
  -3.0391772489470976     
  -3.0391772489470976     
  -3.0391772489470950     
  -3.0192838635458652     
  -3.0192838635458599     
  -3.0192838635458568     
  -3.0192838635458559     
  -3.0061310116578612     
  -3.0061310116578577     
  -2.5999999999999992     
  -2.5727406610312564     
  -2.5727406610312555     
  -2.5727406610312538     
  -2.5727406610312520     
  -2.5464101615137746     
  -2.5464101615137746     
  -2.5464101615137733     
  -2.5464101615137720     
  -2.4928203230275514     
  -2.4928203230275496     
  -2.4928203230275487     
  -2.4928203230275479     
  -2.4692130429902468     
  -2.4692130429902464     
  -2.4692130429902455     
  -2.4692130429902450     
  -2.4692130429902450     
  -2.4692130429902450     
  -2.4692130429902441     
  -2.4692130429902437     
  -2.4000000000000021     
  -2.4000000000000008     
  -2.3999999999999999     
  -2.3999999999999972     
  -2.3656854249492389     
  -2.3656854249492385     
  -2.3656854249492372     
  -2.3656854249492358     
  -2.3614196317342353     
  -2.3493429489465227     
  -2.3493429489465218     
  -2.3493429489465214     
  -2.3493429489465210     
  -2.3464101615137789     
  -2.3464101615137762     
  -2.3464101615137762     
  -2.3464101615137762     
  -2.3464101615137753     
  -2.3464101615137736     
  -2.3464101615137718     
  -2.3464101615137700     
  -2.3438364706847143     
  -2.3438364706847139     
  -2.3438364706847126     
  -2.3438364706847121     
  -2.3055046935079244     
  -2.3055046935079240     
  -2.3055046935079200     
  -2.3055046935079191     
  -2.2981938809858975     
  -2.2981938809858953     
  -2.2981938809858935     
  -2.2981938809858935     
  -2.2981938809858926     
  -2.2981938809858913     
  -2.2981938809858908     
  -2.2981938809858891     
  -2.2898979485566398     
  -2.2898979485566393     
  -2.2898979485566375     
  -2.2898979485566366     
  -2.2898979485566362     
  -2.2898979485566335     
  -2.2898979485566335     
  -2.2898979485566318     
  -2.2858871553501894     
  -2.2858871553501858     
  -2.2858871553501845     
  -2.2858871553501814     
  -2.2843529579071564     
  -2.2843529579071493     
  -2.2402214370773432     
  -2.2402214370773379     
  -2.2402214370773357     
  -2.2402214370773352     
  -2.2402214370773339     
  -2.2402214370773335     
  -2.2402214370773335     
  -2.2402214370773303     
  -2.2000000000000028     
  -2.2000000000000015     
  -2.2000000000000006     
  -2.1999999999999997     
  -2.1999999999999997     
  -2.1999999999999988     
  -2.1999999999999980     
  -2.1999999999999957     
  -2.1863703305156301     
  -2.1863703305156283     
  -2.1863703305156279     
  -2.1863703305156275     
  -2.1863703305156270     
  -2.1863703305156270     
  -2.1863703305156248     
  -2.1863703305156226     
  -2.1631334885876332     
  -2.1631334885876332     
  -2.1631334885876305     
  -2.1631334885876305     
  -2.1631334885876297     
  -2.1631334885876288     
  -2.1631334885876279     
  -2.1631334885876270     
  -2.1464101615137787     
  -2.1464101615137787     
  -2.1464101615137769     
  -2.1464101615137765     
  -2.1464101615137747     
  -2.1464101615137747     
  -2.1464101615137734     
  -2.1464101615137703     
  -2.1291131563434620     
  -2.1291131563434593     
  -2.1291131563434589     
  -2.1291131563434562     
  -2.0939125544222379     
  -2.0939125544222348     
  -2.0939125544222343     
  -2.0939125544222330     
  -2.0828427124746223     
  -2.0828427124746209     
  -2.0828427124746205     
  -2.0828427124746201     
  -2.0828427124746196     
  -2.0828427124746192     
  -2.0828427124746178     
  -2.0828427124746161     
  -2.0070552360820195     
  -2.0070552360820177     
  -2.0070552360820173     
  -2.0070552360820169     
  -2.0000000000000013     
  -2.0000000000000013     
  -2.0000000000000009     
  -2.0000000000000009     
  -2.0000000000000004     
  -2.0000000000000004     
  -1.9999999999999993     
  -1.9999999999999989     
  -1.9999999999999978     
  -1.9999999999999978     
  -1.9999999999999971     
  -1.9999999999999971     
  -1.9793150944336124     
  -1.9793150944336120     
  -1.9793150944336113     
  -1.9793150944336109     
  -1.9793150944336109     
  -1.9793150944336093     
  -1.9793150944336084     
  -1.9793150944336082     
  -1.9476022706586233     
  -1.9476022706586227     
  -1.9476022706586187     
  -1.9476022706586185     
  -1.9476022706586176     
  -1.9476022706586176     
  -1.9476022706586169     
  -1.9476022706586134     
  -1.9464101615137777     
  -1.9464101615137759     
  -1.9464101615137754     
  -1.9464101615137754     
  -1.9464101615137752     
  -1.9464101615137741     
  -1.9464101615137737     
  -1.9464101615137737     
  -1.9035276180410092     
  -1.9035276180410092     
  -1.9035276180410090     
  -1.9035276180410086     
  -1.9035276180410072     
  -1.9035276180410068     
  -1.9035276180410057     
  -1.9035276180410057     
  -1.8891627465410745     
  -1.8891627465410681     
  -1.8891627465410668     
  -1.8891627465410645     
  -1.8535898384862255     
  -1.8535898384862244     
  -1.8535898384862237     
  -1.8535898384862235     
  -1.8000000000000045     
  -1.8000000000000040     
  -1.8000000000000038     
  -1.8000000000000036     
  -1.8000000000000036     
  -1.8000000000000034     
  -1.8000000000000034     
  -1.8000000000000032     
  -1.8000000000000029     
  -1.8000000000000025     
  -1.8000000000000025     
  -1.8000000000000020     
  -1.8000000000000020     
  -1.8000000000000018     
  -1.8000000000000018     
  -1.8000000000000016     
  -1.8000000000000016     
  -1.8000000000000014     
  -1.8000000000000012     
  -1.8000000000000012     
  -1.8000000000000007     
  -1.8000000000000005     
  -1.8000000000000003     
  -1.8000000000000003     
  -1.7999999999999998     
  -1.7999999999999998     
  -1.7999999999999996     
  -1.7999999999999992     
  -1.7999999999999992     
  -1.7999999999999989     
  -1.7999999999999985     
  -1.7999999999999985     
  -1.7999999999999983     
  -1.7999999999999983     
  -1.7999999999999980     
  -1.7999999999999980     
  -1.7999999999999974     
  -1.7999999999999974     
  -1.7999999999999974     
  -1.7999999999999972     
  -1.7999999999999967     
  -1.7999999999999963     
  -1.7999999999999963     
  -1.7999999999999963     
  -1.7999999999999958     
  -1.7999999999999940     
  -1.7464101615137766     
  -1.7464101615137761     
  -1.7464101615137755     
  -1.7464101615137742     
  -1.7270788414896112     
  -1.7270788414896083     
  -1.7270788414896074     
  -1.7270788414896043     
  -1.7000000000000028     
  -1.6964723819589937     
  -1.6964723819589933     
  -1.6964723819589929     
  -1.6964723819589924     
  -1.6964723819589915     
  -1.6964723819589915     
  -1.6964723819589906     
  -1.6964723819589900     
  -1.6930793661601922     
  -1.6930793661601919     
  -1.6930793661601915     
  -1.6930793661601904     
  -1.6866025403784504     
  -1.6866025403784430     
  -1.6866025403784419     
  -1.6866025403784417     
  -1.6711643196345671     
  -1.6711643196345651     
  -1.6711643196345647     
  -1.6711643196345636     
  -1.6661714588824068     
  -1.6661714588824039     
  -1.6661714588824037     
  -1.6661714588824037     
  -1.6661714588824037     
  -1.6661714588824035     
  -1.6661714588824035     
  -1.6661714588824019     
  -1.6535898384862253     
  -1.6535898384862249     
  -1.6535898384862244     
  -1.6535898384862238     
  -1.6535898384862233     
  -1.6535898384862229     
  -1.6535898384862227     
  -1.6535898384862218     
  -1.6500000000000050     
  -1.6499999999999999     
  -1.6499999999999975     
  -1.6499999999999970     
  -1.6324695306604935     
  -1.6324695306604884     
  -1.6324695306604884     
  -1.6324695306604877     
  -1.6315309336643395     
  -1.6315309336643371     
  -1.6315309336643369     
  -1.6315309336643360     
  -1.6295260766345618     
  -1.6295260766345614     
  -1.6295260766345607     
  -1.6295260766345596     
  -1.6295260766345585     
  -1.6295260766345576     
  -1.6295260766345572     
  -1.6295260766345558     
  -1.6206849055663923     
  -1.6206849055663906     
  -1.6206849055663897     
  -1.6206849055663892     
  -1.6206849055663890     
  -1.6206849055663888     
  -1.6206849055663888     
  -1.6206849055663868     
  -1.6197243447089655     
  -1.6197243447089644     
  -1.6197243447089635     
  -1.6197243447089622     
  -1.6197243447089613     
  -1.6197243447089611     
  -1.6197243447089607     
  -1.6197243447089607     
  -1.6000000000000028     
  -1.6000000000000019     
  -1.6000000000000016     
  -1.6000000000000014     
  -1.6000000000000012     
  -1.6000000000000012     
  -1.6000000000000003     
  -1.6000000000000001     
  -1.5999999999999999     
  -1.5999999999999999     
  -1.5999999999999994     
  -1.5999999999999992     
  -1.5999999999999985     
  -1.5999999999999985     
  -1.5999999999999983     
  -1.5999999999999983     
  -1.5929447639179855     
  -1.5929447639179837     
  -1.5929447639179828     
  -1.5929447639179821     
  -1.5785371907172085     
  -1.5785371907172072     
  -1.5785371907172070     
  -1.5785371907172063     
  -1.5775359934640667     
  -1.5775359934640636     
  -1.5775359934640631     
  -1.5775359934640623     
  -1.5775359934640611     
  -1.5775359934640609     
  -1.5775359934640591     
  -1.5775359934640587     
  -1.5748797328940651     
  -1.5748797328940587     
  -1.5748797328940587     
  -1.5748797328940565     
  -1.5731693259674981     
  -1.5731693259674939     
  -1.5731693259674937     
  -1.5731693259674919     
  -1.5662764679124856     
  -1.5662764679124852     
  -1.5662764679124825     
  -1.5662764679124823     
  -1.5662764679124812     
  -1.5662764679124810     
  -1.5662764679124808     
  -1.5662764679124781     
  -1.5500000000000063     
  -1.5500000000000009     
  -1.5499999999999958     
  -1.5499999999999952     
  -1.5249172899535843     
  -1.5249172899535821     
  -1.5249172899535814     
  -1.5249172899535799     
  -1.5242444269962743     
  -1.5242444269962740     
  -1.5242444269962736     
  -1.5242444269962718     
  -1.5237832584999016     
  -1.5237832584999009     
  -1.5237832584998978     
  -1.5237832584998978     
  -1.5237832584998974     
  -1.5237832584998969     
  -1.5237832584998936     
  -1.5237832584998936     
  -1.5233715073415610     
  -1.5233715073415572     
  -1.5233715073415566     
  -1.5233715073415539     
  -1.5229737222113875     
  -1.5229737222113870     
  -1.5229737222113839     
  -1.5229737222113839     
  -1.5229737222113831     
  -1.5229737222113817     
  -1.5229737222113817     
  -1.5229737222113804     
  -1.5207907187548295     
  -1.5207907187548275     
  -1.5207907187548257     
  -1.5207907187548242     
  -1.5207907187548240     
  -1.5207907187548237     
  -1.5207907187548229     
  -1.5207907187548226     
  -1.5171572875253836     
  -1.5171572875253825     
  -1.5171572875253823     
  -1.5171572875253818     
  -1.5171572875253814     
  -1.5171572875253807     
  -1.5171572875253798     
  -1.5171572875253785     
  -1.5133974596215576     
  -1.5133974596215574     
  -1.5133974596215560     
  -1.5133974596215547     
  -1.5000000000000040     
  -1.5000000000000040     
  -1.5000000000000038     
  -1.5000000000000031     
  -1.5000000000000029     
  -1.5000000000000027     
  -1.5000000000000024     
  -1.5000000000000020     
  -1.5000000000000016     
  -1.5000000000000013     
  -1.5000000000000009     
  -1.5000000000000000     
  -1.5000000000000000     
  -1.4999999999999998     
  -1.4999999999999998     
  -1.4999999999999991     
  -1.4999999999999991     
  -1.4999999999999987     
  -1.4999999999999982     
  -1.4999999999999982     
  -1.4999999999999973     
  -1.4999999999999971     
  -1.4999999999999967     
  -1.4999999999999953     
  -1.4535898384862280     
  -1.4535898384862260     
  -1.4535898384862251     
  -1.4535898384862249     
  -1.4535898384862240     
  -1.4535898384862238     
  -1.4535898384862234     
  -1.4535898384862231     
  -1.4136296694843740     
  -1.4136296694843735     
  -1.4136296694843731     
  -1.4136296694843729     
  -1.4136296694843724     
  -1.4136296694843717     
  -1.4136296694843717     
  -1.4136296694843709     
  -1.4000000000000057     
  -1.4000000000000026     
  -1.4000000000000017     
  -1.4000000000000017     
  -1.4000000000000001     
  -1.3999999999999995     
  -1.3999999999999988     
  -1.3999999999999986     
  -1.3101020514433659     
  -1.3101020514433657     
  -1.3101020514433650     
  -1.3101020514433643     
  -1.3101020514433632     
  -1.3101020514433630     
  -1.3101020514433623     
  -1.3101020514433623     
  -1.2535898384862261     
  -1.2535898384862256     
  -1.2535898384862250     
  -1.2535898384862247     
  -1.2535898384862245     
  -1.2535898384862234     
  -1.2535898384862232     
  -1.2535898384862230     
  -1.2343145750507649     
  -1.2343145750507627     
  -1.2343145750507620     
  -1.2343145750507614     
  -1.2000000000000033     
  -1.1999999999999997     
  -1.1999999999999984     
  -1.1999999999999973     
  -1.1307869570097575     
  -1.1307869570097571     
  -1.1307869570097548     
  -1.1307869570097544     
  -1.1307869570097542     
  -1.1307869570097537     
  -1.1307869570097533     
  -1.1307869570097517     
  -1.1071796769724489     
  -1.1071796769724489     
  -1.1071796769724480     
  -1.1071796769724478     
  -1.0535898384862277     
  -1.0535898384862254     
  -1.0535898384862254     
  -1.0535898384862241     
  -1.0272593389687465     
  -1.0272593389687463     
  -1.0272593389687463     
  -1.0272593389687428     
  -1.0000000000000009     
 -0.54796273707777521     
 -0.42347158101207372     
 -0.42347158101207250     
 -0.42347158101207200     
 -0.42347158101207028     
 -0.32213663416302368     
 -0.32213663416302302     
 -0.32213663416302196     
 -0.32213663416301830     
 -0.18818584882613018     
 -0.18818584882612749     
 -0.18818584882612599     
 -0.18818584882612371     
 -0.11805670438792075     
 -0.11805670438791943     
 -0.11805670438791847     
 -0.11805670438791790     
 -0.11805670438791734     
 -0.11805670438791431     
 -0.11805670438791319     
 -0.11805670438789621     
   1.3435209674141522E-002
   1.3435209674142209E-002
   1.3435209674144431E-002
   1.3435209674145162E-002
   2.9552499595787322E-002
   2.9552499595788918E-002
   2.9552499595796772E-002
   2.9552499595800894E-002
   5.9402085193088157E-002
   5.9402085193089933E-002
   5.9402085193091411E-002
   5.9402085193093063E-002
   5.9402085193093618E-002
   5.9402085193095956E-002
   5.9402085193097601E-002
   5.9402085193101500E-002
  0.12315407775261611     
  0.12315407775261721     
  0.12315407775261858     
  0.12315407775261973     
  0.14448230048273755     
  0.14790453629018993     
  0.14790453629019756     
  0.14790453629019865     
  0.14790453629020017     
  0.14824947374885775     
  0.14824947374885786     
  0.14824947374886210     
  0.14824947374886344     
  0.14824947374886469     
  0.14824947374886630     
  0.14824947374886893     
  0.14824947374887160     
  0.14938199830021104     
  0.14938199830021251     
  0.14938199830021284     
  0.14938199830021368     
  0.14938199830021379     
  0.14938199830021595     
  0.14938199830021734     
  0.14938199830021998     
  0.15723485751908292     
  0.15723485751908844     
  0.15723485751909186     
  0.15723485751909394     
  0.18192497675919109     
  0.18192497675919791     
  0.18192497675919830     
  0.18192497675920186     
  0.19389239197713923     
  0.19389239197714195     
   1.4718384695344420     
   1.4764044381003203     
   1.4764044381003203     
   1.4764044381003238     
   1.4764044381003247     
   1.4776268158264727     
   1.4776268158264747     
   1.4776268158264763     
   1.4776268158264874     
   1.4890928572756132     
   1.4890928572756212     
   1.4890928572756212     
   1.4890928572756219     
   1.4947717957073445     
   1.4947717957073541     
   1.4955574867533574     
   1.4955574867533634     
   1.4955574867533659     
   1.4955574867533685     
   1.4955574867533694     
   1.4955574867533716     
   1.4955574867533730     
   1.4955574867533794     
   1.5030501224200967     
   1.5030501224201001     
   1.5030501224201005     
   1.5030501224201016     
   1.5141977184651472     
   1.5141977184651521     
   1.5141977184651549     
   1.5141977184651563     
   1.5141977184651569     
   1.5141977184651583     
   1.5141977184651596     
   1.5141977184651600     
   1.5504714889436955     
   1.5504714889437015     
   1.5504714889437039     
   1.5504714889437048     
   1.5504714889437057     
   1.5504714889437059     
   1.5504714889437079     
   1.5504714889437079     
   1.5674995911268592     
   1.5674995911268597     
   1.5674995911268619     
   1.5674995911268648     
   1.5727221148939419     
   1.5727221148939423     
   1.5727221148939472     
   1.5727221148939534     
   1.6304285082564220     
   1.6304285082564305     
   1.6304285082564325     
   1.6304285082564340     
   1.6304285082564354     
   1.6304285082564367     
   1.6304285082564369     
   1.6304285082564480     
   1.6537280165881711     
   1.6537280165881756     
   1.6537280165881760     
   1.6537280165881769     
   1.6985883166654079     
   1.6985883166654172     
   1.6985883166654208     
   1.6985883166654254     
   1.7248185052261003     
   1.7248185052261009     
   1.7248185052261027     
   1.7248185052261096     
   1.7518587420192397     
