         432           2   0.0000000000000000     
   12.000000    0.000000    0.000000
    0.000000   12.000000    0.000000
    0.000000    0.000000  100.000000
   1.0000000000000000        1.1000000000000001     
     1    -5.500000000    -6.000000000     1.000000000   2
     2    -6.000000000    -5.500000000     1.000000000   2
     3    -5.500000000    -5.000000000     1.000000000   2
     4    -6.000000000    -4.500000000     1.000000000   2
     5    -5.500000000    -4.000000000     1.000000000   2
     6    -6.000000000    -3.500000000     1.000000000   2
     7    -5.500000000    -3.000000000     1.000000000   2
     8    -6.000000000    -2.500000000     1.000000000   2
     9    -5.500000000    -2.000000000     1.000000000   2
    10    -6.000000000    -1.500000000     1.000000000   2
    11    -5.500000000    -1.000000000     1.000000000   2
    12    -6.000000000    -0.500000000     1.000000000   2
    13    -5.500000000     0.000000000     1.000000000   2
    14    -6.000000000     0.500000000     1.000000000   2
    15    -5.500000000     1.000000000     1.000000000   2
    16    -6.000000000     1.500000000     1.000000000   2
    17    -5.500000000     2.000000000     1.000000000   2
    18    -6.000000000     2.500000000     1.000000000   2
    19    -5.500000000     3.000000000     1.000000000   2
    20    -6.000000000     3.500000000     1.000000000   2
    21    -5.500000000     4.000000000     1.000000000   2
    22    -6.000000000     4.500000000     1.000000000   2
    23    -5.500000000     5.000000000     1.000000000   2
    24    -6.000000000     5.500000000     1.000000000   2
    25    -4.500000000    -6.000000000     1.000000000   2
    26    -5.000000000    -5.500000000     1.000000000   2
    27    -4.500000000    -5.000000000     1.000000000   2
    28    -5.000000000    -4.500000000     1.000000000   2
    29    -4.500000000    -4.000000000     1.000000000   2
    30    -5.000000000    -3.500000000     1.000000000   2
    31    -4.500000000    -3.000000000     1.000000000   2
    32    -5.000000000    -2.500000000     1.000000000   2
    33    -4.500000000    -2.000000000     1.000000000   2
    34    -5.000000000    -1.500000000     1.000000000   2
    35    -4.500000000    -1.000000000     1.000000000   2
    36    -5.000000000    -0.500000000     1.000000000   2
    37    -4.500000000     0.000000000     1.000000000   2
    38    -5.000000000     0.500000000     1.000000000   2
    39    -4.500000000     1.000000000     1.000000000   2
    40    -5.000000000     1.500000000     1.000000000   2
    41    -4.500000000     2.000000000     1.000000000   2
    42    -5.000000000     2.500000000     1.000000000   2
    43    -4.500000000     3.000000000     1.000000000   2
    44    -5.000000000     3.500000000     1.000000000   2
    45    -4.500000000     4.000000000     1.000000000   2
    46    -5.000000000     4.500000000     1.000000000   2
    47    -4.500000000     5.000000000     1.000000000   2
    48    -5.000000000     5.500000000     1.000000000   2
    49    -3.500000000    -6.000000000     1.000000000   2
    50    -4.000000000    -5.500000000     1.000000000   2
    51    -3.500000000    -5.000000000     1.000000000   2
    52    -4.000000000    -4.500000000     1.000000000   2
    53    -3.500000000    -4.000000000     1.000000000   2
    54    -4.000000000    -3.500000000     1.000000000   2
    55    -3.500000000    -3.000000000     1.000000000   2
    56    -4.000000000    -2.500000000     1.000000000   2
    57    -3.500000000    -2.000000000     1.000000000   2
    58    -4.000000000    -1.500000000     1.000000000   2
    59    -3.500000000    -1.000000000     1.000000000   2
    60    -4.000000000    -0.500000000     1.000000000   2
    61    -3.500000000     0.000000000     1.000000000   2
    62    -4.000000000     0.500000000     1.000000000   2
    63    -3.500000000     1.000000000     1.000000000   2
    64    -4.000000000     1.500000000     1.000000000   2
    65    -3.500000000     2.000000000     1.000000000   2
    66    -4.000000000     2.500000000     1.000000000   2
    67    -3.500000000     3.000000000     1.000000000   2
    68    -4.000000000     3.500000000     1.000000000   2
    69    -3.500000000     4.000000000     1.000000000   2
    70    -4.000000000     4.500000000     1.000000000   2
    71    -3.500000000     5.000000000     1.000000000   2
    72    -4.000000000     5.500000000     1.000000000   2
    73    -2.500000000    -6.000000000     1.000000000   2
    74    -3.000000000    -5.500000000     1.000000000   2
    75    -2.500000000    -5.000000000     1.000000000   2
    76    -3.000000000    -4.500000000     1.000000000   2
    77    -2.500000000    -4.000000000     1.000000000   2
    78    -3.000000000    -3.500000000     1.000000000   2
    79    -2.500000000    -3.000000000     1.000000000   2
    80    -3.000000000    -2.500000000     1.000000000   2
    81    -2.500000000    -2.000000000     1.000000000   2
    82    -3.000000000    -1.500000000     1.000000000   2
    83    -2.500000000    -1.000000000     1.000000000   2
    84    -3.000000000    -0.500000000     1.000000000   2
    85    -2.500000000     0.000000000     1.000000000   2
    86    -3.000000000     0.500000000     1.000000000   2
    87    -2.500000000     1.000000000     1.000000000   2
    88    -3.000000000     1.500000000     1.000000000   2
    89    -2.500000000     2.000000000     1.000000000   2
    90    -3.000000000     2.500000000     1.000000000   2
    91    -2.500000000     3.000000000     1.000000000   2
    92    -3.000000000     3.500000000     1.000000000   2
    93    -2.500000000     4.000000000     1.000000000   2
    94    -3.000000000     4.500000000     1.000000000   2
    95    -2.500000000     5.000000000     1.000000000   2
    96    -3.000000000     5.500000000     1.000000000   2
    97    -1.500000000    -6.000000000     1.000000000   2
    98    -2.000000000    -5.500000000     1.000000000   2
    99    -1.500000000    -5.000000000     1.000000000   2
   100    -2.000000000    -4.500000000     1.000000000   2
   101    -1.500000000    -4.000000000     1.000000000   2
   102    -2.000000000    -3.500000000     1.000000000   2
   103    -1.500000000    -3.000000000     1.000000000   2
   104    -2.000000000    -2.500000000     1.000000000   2
   105    -1.500000000    -2.000000000     1.000000000   2
   106    -2.000000000    -1.500000000     1.000000000   2
   107    -1.500000000    -1.000000000     1.000000000   2
   108    -2.000000000    -0.500000000     1.000000000   2
   109    -1.500000000     0.000000000     1.000000000   2
   110    -2.000000000     0.500000000     1.000000000   2
   111    -1.500000000     1.000000000     1.000000000   2
   112    -2.000000000     1.500000000     1.000000000   2
   113    -1.500000000     2.000000000     1.000000000   2
   114    -2.000000000     2.500000000     1.000000000   2
   115    -1.500000000     3.000000000     1.000000000   2
   116    -2.000000000     3.500000000     1.000000000   2
   117    -1.500000000     4.000000000     1.000000000   2
   118    -2.000000000     4.500000000     1.000000000   2
   119    -1.500000000     5.000000000     1.000000000   2
   120    -2.000000000     5.500000000     1.000000000   2
   121    -0.500000000    -6.000000000     1.000000000   2
   122    -1.000000000    -5.500000000     1.000000000   2
   123    -0.500000000    -5.000000000     1.000000000   2
   124    -1.000000000    -4.500000000     1.000000000   2
   125    -0.500000000    -4.000000000     1.000000000   2
   126    -1.000000000    -3.500000000     1.000000000   2
   127    -0.500000000    -3.000000000     1.000000000   2
   128    -1.000000000    -2.500000000     1.000000000   2
   129    -0.500000000    -2.000000000     1.000000000   2
   130    -1.000000000    -1.500000000     1.000000000   2
   131    -0.500000000    -1.000000000     1.000000000   2
   132    -1.000000000    -0.500000000     1.000000000   2
   133    -0.500000000     0.000000000     1.000000000   2
   134    -1.000000000     0.500000000     1.000000000   2
   135    -0.500000000     1.000000000     1.000000000   2
   136    -1.000000000     1.500000000     1.000000000   2
   137    -0.500000000     2.000000000     1.000000000   2
   138    -1.000000000     2.500000000     1.000000000   2
   139    -0.500000000     3.000000000     1.000000000   2
   140    -1.000000000     3.500000000     1.000000000   2
   141    -0.500000000     4.000000000     1.000000000   2
   142    -1.000000000     4.500000000     1.000000000   2
   143    -0.500000000     5.000000000     1.000000000   2
   144    -1.000000000     5.500000000     1.000000000   2
   145     0.500000000    -6.000000000     1.000000000   2
   146     0.000000000    -5.500000000     1.000000000   2
   147     0.500000000    -5.000000000     1.000000000   2
   148     0.000000000    -4.500000000     1.000000000   2
   149     0.500000000    -4.000000000     1.000000000   2
   150     0.000000000    -3.500000000     1.000000000   2
   151     0.500000000    -3.000000000     1.000000000   2
   152     0.000000000    -2.500000000     1.000000000   2
   153     0.500000000    -2.000000000     1.000000000   2
   154     0.000000000    -1.500000000     1.000000000   2
   155     0.500000000    -1.000000000     1.000000000   2
   156     0.000000000    -0.500000000     1.000000000   2
   157     0.500000000     0.000000000     1.000000000   2
   158     0.000000000     0.500000000     1.000000000   2
   159     0.500000000     1.000000000     1.000000000   2
   160     0.000000000     1.500000000     1.000000000   2
   161     0.500000000     2.000000000     1.000000000   2
   162     0.000000000     2.500000000     1.000000000   2
   163     0.500000000     3.000000000     1.000000000   2
   164     0.000000000     3.500000000     1.000000000   2
   165     0.500000000     4.000000000     1.000000000   2
   166     0.000000000     4.500000000     1.000000000   2
   167     0.500000000     5.000000000     1.000000000   2
   168     0.000000000     5.500000000     1.000000000   2
   169     1.500000000    -6.000000000     1.000000000   2
   170     1.000000000    -5.500000000     1.000000000   2
   171     1.500000000    -5.000000000     1.000000000   2
   172     1.000000000    -4.500000000     1.000000000   2
   173     1.500000000    -4.000000000     1.000000000   2
   174     1.000000000    -3.500000000     1.000000000   2
   175     1.500000000    -3.000000000     1.000000000   2
   176     1.000000000    -2.500000000     1.000000000   2
   177     1.500000000    -2.000000000     1.000000000   2
   178     1.000000000    -1.500000000     1.000000000   2
   179     1.500000000    -1.000000000     1.000000000   2
   180     1.000000000    -0.500000000     1.000000000   2
   181     1.500000000     0.000000000     1.000000000   2
   182     1.000000000     0.500000000     1.000000000   2
   183     1.500000000     1.000000000     1.000000000   2
   184     1.000000000     1.500000000     1.000000000   2
   185     1.500000000     2.000000000     1.000000000   2
   186     1.000000000     2.500000000     1.000000000   2
   187     1.500000000     3.000000000     1.000000000   2
   188     1.000000000     3.500000000     1.000000000   2
   189     1.500000000     4.000000000     1.000000000   2
   190     1.000000000     4.500000000     1.000000000   2
   191     1.500000000     5.000000000     1.000000000   2
   192     1.000000000     5.500000000     1.000000000   2
   193     2.500000000    -6.000000000     1.000000000   2
   194     2.000000000    -5.500000000     1.000000000   2
   195     2.500000000    -5.000000000     1.000000000   2
   196     2.000000000    -4.500000000     1.000000000   2
   197     2.500000000    -4.000000000     1.000000000   2
   198     2.000000000    -3.500000000     1.000000000   2
   199     2.500000000    -3.000000000     1.000000000   2
   200     2.000000000    -2.500000000     1.000000000   2
   201     2.500000000    -2.000000000     1.000000000   2
   202     2.000000000    -1.500000000     1.000000000   2
   203     2.500000000    -1.000000000     1.000000000   2
   204     2.000000000    -0.500000000     1.000000000   2
   205     2.500000000     0.000000000     1.000000000   2
   206     2.000000000     0.500000000     1.000000000   2
   207     2.500000000     1.000000000     1.000000000   2
   208     2.000000000     1.500000000     1.000000000   2
   209     2.500000000     2.000000000     1.000000000   2
   210     2.000000000     2.500000000     1.000000000   2
   211     2.500000000     3.000000000     1.000000000   2
   212     2.000000000     3.500000000     1.000000000   2
   213     2.500000000     4.000000000     1.000000000   2
   214     2.000000000     4.500000000     1.000000000   2
   215     2.500000000     5.000000000     1.000000000   2
   216     2.000000000     5.500000000     1.000000000   2
   217     3.500000000    -6.000000000     1.000000000   2
   218     3.000000000    -5.500000000     1.000000000   2
   219     3.500000000    -5.000000000     1.000000000   2
   220     3.000000000    -4.500000000     1.000000000   2
   221     3.500000000    -4.000000000     1.000000000   2
   222     3.000000000    -3.500000000     1.000000000   2
   223     3.500000000    -3.000000000     1.000000000   2
   224     3.000000000    -2.500000000     1.000000000   2
   225     3.500000000    -2.000000000     1.000000000   2
   226     3.000000000    -1.500000000     1.000000000   2
   227     3.500000000    -1.000000000     1.000000000   2
   228     3.000000000    -0.500000000     1.000000000   2
   229     3.500000000     0.000000000     1.000000000   2
   230     3.000000000     0.500000000     1.000000000   2
   231     3.500000000     1.000000000     1.000000000   2
   232     3.000000000     1.500000000     1.000000000   2
   233     3.500000000     2.000000000     1.000000000   2
   234     3.000000000     2.500000000     1.000000000   2
   235     3.500000000     3.000000000     1.000000000   2
   236     3.000000000     3.500000000     1.000000000   2
   237     3.500000000     4.000000000     1.000000000   2
   238     3.000000000     4.500000000     1.000000000   2
   239     3.500000000     5.000000000     1.000000000   2
   240     3.000000000     5.500000000     1.000000000   2
   241     4.500000000    -6.000000000     1.000000000   2
   242     4.000000000    -5.500000000     1.000000000   2
   243     4.500000000    -5.000000000     1.000000000   2
   244     4.000000000    -4.500000000     1.000000000   2
   245     4.500000000    -4.000000000     1.000000000   2
   246     4.000000000    -3.500000000     1.000000000   2
   247     4.500000000    -3.000000000     1.000000000   2
   248     4.000000000    -2.500000000     1.000000000   2
   249     4.500000000    -2.000000000     1.000000000   2
   250     4.000000000    -1.500000000     1.000000000   2
   251     4.500000000    -1.000000000     1.000000000   2
   252     4.000000000    -0.500000000     1.000000000   2
   253     4.500000000     0.000000000     1.000000000   2
   254     4.000000000     0.500000000     1.000000000   2
   255     4.500000000     1.000000000     1.000000000   2
   256     4.000000000     1.500000000     1.000000000   2
   257     4.500000000     2.000000000     1.000000000   2
   258     4.000000000     2.500000000     1.000000000   2
   259     4.500000000     3.000000000     1.000000000   2
   260     4.000000000     3.500000000     1.000000000   2
   261     4.500000000     4.000000000     1.000000000   2
   262     4.000000000     4.500000000     1.000000000   2
   263     4.500000000     5.000000000     1.000000000   2
   264     4.000000000     5.500000000     1.000000000   2
   265     5.500000000    -6.000000000     1.000000000   2
   266     5.000000000    -5.500000000     1.000000000   2
   267     5.500000000    -5.000000000     1.000000000   2
   268     5.000000000    -4.500000000     1.000000000   2
   269     5.500000000    -4.000000000     1.000000000   2
   270     5.000000000    -3.500000000     1.000000000   2
   271     5.500000000    -3.000000000     1.000000000   2
   272     5.000000000    -2.500000000     1.000000000   2
   273     5.500000000    -2.000000000     1.000000000   2
   274     5.000000000    -1.500000000     1.000000000   2
   275     5.500000000    -1.000000000     1.000000000   2
   276     5.000000000    -0.500000000     1.000000000   2
   277     5.500000000     0.000000000     1.000000000   2
   278     5.000000000     0.500000000     1.000000000   2
   279     5.500000000     1.000000000     1.000000000   2
   280     5.000000000     1.500000000     1.000000000   2
   281     5.500000000     2.000000000     1.000000000   2
   282     5.000000000     2.500000000     1.000000000   2
   283     5.500000000     3.000000000     1.000000000   2
   284     5.000000000     3.500000000     1.000000000   2
   285     5.500000000     4.000000000     1.000000000   2
   286     5.000000000     4.500000000     1.000000000   2
   287     5.500000000     5.000000000     1.000000000   2
   288     5.000000000     5.500000000     1.000000000   2
   289    -6.000000000    -6.000000000     1.000000000   1
   290    -6.000000000    -5.000000000     1.000000000   1
   291    -6.000000000    -4.000000000     1.000000000   1
   292    -6.000000000    -3.000000000     1.000000000   1
   293    -6.000000000    -2.000000000     1.000000000   1
   294    -6.000000000    -1.000000000     1.000000000   1
   295    -6.000000000     0.000000000     1.000000000   1
   296    -6.000000000     1.000000000     1.000000000   1
   297    -6.000000000     2.000000000     1.000000000   1
   298    -6.000000000     3.000000000     1.000000000   1
   299    -6.000000000     4.000000000     1.000000000   1
   300    -6.000000000     5.000000000     1.000000000   1
   301    -5.000000000    -6.000000000     1.000000000   1
   302    -5.000000000    -5.000000000     1.000000000   1
   303    -5.000000000    -4.000000000     1.000000000   1
   304    -5.000000000    -3.000000000     1.000000000   1
   305    -5.000000000    -2.000000000     1.000000000   1
   306    -5.000000000    -1.000000000     1.000000000   1
   307    -5.000000000     0.000000000     1.000000000   1
   308    -5.000000000     1.000000000     1.000000000   1
   309    -5.000000000     2.000000000     1.000000000   1
   310    -5.000000000     3.000000000     1.000000000   1
   311    -5.000000000     4.000000000     1.000000000   1
   312    -5.000000000     5.000000000     1.000000000   1
   313    -4.000000000    -6.000000000     1.000000000   1
   314    -4.000000000    -5.000000000     1.000000000   1
   315    -4.000000000    -4.000000000     1.000000000   1
   316    -4.000000000    -3.000000000     1.000000000   1
   317    -4.000000000    -2.000000000     1.000000000   1
   318    -4.000000000    -1.000000000     1.000000000   1
   319    -4.000000000     0.000000000     1.000000000   1
   320    -4.000000000     1.000000000     1.000000000   1
   321    -4.000000000     2.000000000     1.000000000   1
   322    -4.000000000     3.000000000     1.000000000   1
   323    -4.000000000     4.000000000     1.000000000   1
   324    -4.000000000     5.000000000     1.000000000   1
   325    -3.000000000    -6.000000000     1.000000000   1
   326    -3.000000000    -5.000000000     1.000000000   1
   327    -3.000000000    -4.000000000     1.000000000   1
   328    -3.000000000    -3.000000000     1.000000000   1
   329    -3.000000000    -2.000000000     1.000000000   1
   330    -3.000000000    -1.000000000     1.000000000   1
   331    -3.000000000     0.000000000     1.000000000   1
   332    -3.000000000     1.000000000     1.000000000   1
   333    -3.000000000     2.000000000     1.000000000   1
   334    -3.000000000     3.000000000     1.000000000   1
   335    -3.000000000     4.000000000     1.000000000   1
   336    -3.000000000     5.000000000     1.000000000   1
   337    -2.000000000    -6.000000000     1.000000000   1
   338    -2.000000000    -5.000000000     1.000000000   1
   339    -2.000000000    -4.000000000     1.000000000   1
   340    -2.000000000    -3.000000000     1.000000000   1
   341    -2.000000000    -2.000000000     1.000000000   1
   342    -2.000000000    -1.000000000     1.000000000   1
   343    -2.000000000     0.000000000     1.000000000   1
   344    -2.000000000     1.000000000     1.000000000   1
   345    -2.000000000     2.000000000     1.000000000   1
   346    -2.000000000     3.000000000     1.000000000   1
   347    -2.000000000     4.000000000     1.000000000   1
   348    -2.000000000     5.000000000     1.000000000   1
   349    -1.000000000    -6.000000000     1.000000000   1
   350    -1.000000000    -5.000000000     1.000000000   1
   351    -1.000000000    -4.000000000     1.000000000   1
   352    -1.000000000    -3.000000000     1.000000000   1
   353    -1.000000000    -2.000000000     1.000000000   1
   354    -1.000000000    -1.000000000     1.000000000   1
   355    -1.000000000     0.000000000     1.000000000   1
   356    -1.000000000     1.000000000     1.000000000   1
   357    -1.000000000     2.000000000     1.000000000   1
   358    -1.000000000     3.000000000     1.000000000   1
   359    -1.000000000     4.000000000     1.000000000   1
   360    -1.000000000     5.000000000     1.000000000   1
   361     0.000000000    -6.000000000     1.000000000   1
   362     0.000000000    -5.000000000     1.000000000   1
   363     0.000000000    -4.000000000     1.000000000   1
   364     0.000000000    -3.000000000     1.000000000   1
   365     0.000000000    -2.000000000     1.000000000   1
   366     0.000000000    -1.000000000     1.000000000   1
   367     0.000000000     0.000000000     1.000000000   1
   368     0.000000000     1.000000000     1.000000000   1
   369     0.000000000     2.000000000     1.000000000   1
   370     0.000000000     3.000000000     1.000000000   1
   371     0.000000000     4.000000000     1.000000000   1
   372     0.000000000     5.000000000     1.000000000   1
   373     1.000000000    -6.000000000     1.000000000   1
   374     1.000000000    -5.000000000     1.000000000   1
   375     1.000000000    -4.000000000     1.000000000   1
   376     1.000000000    -3.000000000     1.000000000   1
   377     1.000000000    -2.000000000     1.000000000   1
   378     1.000000000    -1.000000000     1.000000000   1
   379     1.000000000     0.000000000     1.000000000   1
   380     1.000000000     1.000000000     1.000000000   1
   381     1.000000000     2.000000000     1.000000000   1
   382     1.000000000     3.000000000     1.000000000   1
   383     1.000000000     4.000000000     1.000000000   1
   384     1.000000000     5.000000000     1.000000000   1
   385     2.000000000    -6.000000000     1.000000000   1
   386     2.000000000    -5.000000000     1.000000000   1
   387     2.000000000    -4.000000000     1.000000000   1
   388     2.000000000    -3.000000000     1.000000000   1
   389     2.000000000    -2.000000000     1.000000000   1
   390     2.000000000    -1.000000000     1.000000000   1
   391     2.000000000     0.000000000     1.000000000   1
   392     2.000000000     1.000000000     1.000000000   1
   393     2.000000000     2.000000000     1.000000000   1
   394     2.000000000     3.000000000     1.000000000   1
   395     2.000000000     4.000000000     1.000000000   1
   396     2.000000000     5.000000000     1.000000000   1
   397     3.000000000    -6.000000000     1.000000000   1
   398     3.000000000    -5.000000000     1.000000000   1
   399     3.000000000    -4.000000000     1.000000000   1
   400     3.000000000    -3.000000000     1.000000000   1
   401     3.000000000    -2.000000000     1.000000000   1
   402     3.000000000    -1.000000000     1.000000000   1
   403     3.000000000     0.000000000     1.000000000   1
   404     3.000000000     1.000000000     1.000000000   1
   405     3.000000000     2.000000000     1.000000000   1
   406     3.000000000     3.000000000     1.000000000   1
   407     3.000000000     4.000000000     1.000000000   1
   408     3.000000000     5.000000000     1.000000000   1
   409     4.000000000    -6.000000000     1.000000000   1
   410     4.000000000    -5.000000000     1.000000000   1
   411     4.000000000    -4.000000000     1.000000000   1
   412     4.000000000    -3.000000000     1.000000000   1
   413     4.000000000    -2.000000000     1.000000000   1
   414     4.000000000    -1.000000000     1.000000000   1
   415     4.000000000     0.000000000     1.000000000   1
   416     4.000000000     1.000000000     1.000000000   1
   417     4.000000000     2.000000000     1.000000000   1
   418     4.000000000     3.000000000     1.000000000   1
   419     4.000000000     4.000000000     1.000000000   1
   420     4.000000000     5.000000000     1.000000000   1
   421     5.000000000    -6.000000000     1.000000000   1
   422     5.000000000    -5.000000000     1.000000000   1
   423     5.000000000    -4.000000000     1.000000000   1
   424     5.000000000    -3.000000000     1.000000000   1
   425     5.000000000    -2.000000000     1.000000000   1
   426     5.000000000    -1.000000000     1.000000000   1
   427     5.000000000     0.000000000     1.000000000   1
   428     5.000000000     1.000000000     1.000000000   1
   429     5.000000000     2.000000000     1.000000000   1
   430     5.000000000     3.000000000     1.000000000   1
   431     5.000000000     4.000000000     1.000000000   1
   432     5.000000000     5.000000000     1.000000000   1
